23 04dbe32c 1 0
23 04f700a4 1 0
23 04d8b6c3 1 0
23 04ea3ce0 1 0
22 04dbe32c 1 0
22 04f700a4 1 0
22 04ea3ce0 1 0
22 04d8b6c3 1 0
21 04f700a4 1 0
21 04ea3ce0 1 0
21 04dbe32c 1 0
21 04d8b6c3 1 0
20 04dbe32c 1 0
20 04d8b6c3 1 0
20 04f700a4 1 0
20 04ea3ce0 1 0
19 04d8b6c3 1 0
19 04ea3ce0 1 0
19 04f700a4 1 0
19 04dbe32c 1 0
18 04d8b6c3 1 0
18 04f700a4 1 0
18 04ea3ce0 1 1
18 04dbe32c 1 0
17 04d8b6c3 1 0
17 04ea3ce0 1 0
17 04f700a4 1 0
17 04dbe32c 1 0
16 04ea3ce0 1 0
16 04d8b6c3 1 0
16 04dbe32c 1 0
16 04f700a4 1 0
15 04f700a4 1 0
15 04d8b6c3 1 0
15 04ea3ce0 1 0
15 04dbe32c 1 0
14 04dbe32c 1 0
14 04d8b6c3 1 0
14 04f700a4 1 1
14 04ea3ce0 1 0
13 04dbe32c 1 0
13 04ea3ce0 1 0
13 04d8b6c3 1 0
13 04f700a4 1 0
12 04f700a4 1 0
12 04dbe32c 1 0
12 04ea3ce0 1 0
12 04d8b6c3 1 0
11 04d8b6c3 1 0
11 04dbe32c 1 0
11 04f700a4 1 0
11 04ea3ce0 1 0
10 04ea3ce0 1 0
10 04f700a4 1 0
10 04d8b6c3 1 0
10 04dbe32c 1 0
9 04f700a4 0 1
9 04dbe32c 0 0
9 04d8b6c3 0 0
8 04d8b6c3 0 0
8 04dbe32c 0 0
8 04f700a4 0 0
7 04dbe32c 0 0
7 04d8b6c3 0 0
7 04f700a4 0 0
6 04f700a4 0 0
6 04dbe32c 0 0
6 04d8b6c3 0 0
5 04dbe32c 0 0
5 04d8b6c3 0 0
5 04f700a4 0 1
4 04dbe32c 0 0
4 04d8b6c3 0 0
4 04f700a4 0 0
3 04dbe32c 0 0
3 04d8b6c3 0 0
3 04f700a4 0 0
2 04d8b6c3 0 0
2 04dbe32c 0 0
2 04f700a4 0 0
1 04f700a4 0 1
1 04d8b6c3 0 0
1 04dbe32c 0 0
0 04f700a4 0 15
