44 04ea3ce0 1 0
44 04d8b6c3 1 0
44 04f700a4 1 0
44 04dbe32c 1 0
43 04d8b6c3 1 0
43 04dbe32c 1 0
43 04f700a4 1 0
43 04ea3ce0 1 0
42 04ea3ce0 1 0
42 04f700a4 1 0
42 04d8b6c3 1 0
42 04dbe32c 1 0
41 04f700a4 1 0
41 04ea3ce0 1 0
41 04d8b6c3 1 0
41 04dbe32c 1 0
40 04dbe32c 1 0
40 04ea3ce0 1 0
40 04f700a4 1 0
40 04d8b6c3 1 0
39 04d8b6c3 1 0
39 04dbe32c 1 0
39 04ea3ce0 1 0
39 04f700a4 1 0
38 04dbe32c 1 0
38 04f700a4 1 0
38 04ea3ce0 1 0
38 04d8b6c3 1 0
37 04dbe32c 1 0
37 04ea3ce0 1 0
37 04d8b6c3 1 0
37 04f700a4 1 0
36 04dbe32c 1 0
36 04ea3ce0 1 0
36 04f700a4 1 0
36 04d8b6c3 1 0
35 04d8b6c3 1 0
35 04ea3ce0 1 1
35 04f700a4 1 0
35 04dbe32c 1 0
34 04ea3ce0 1 0
34 04dbe32c 1 0
34 04d8b6c3 1 0
34 04f700a4 1 0
33 04d8b6c3 1 0
33 04f700a4 1 0
33 04ea3ce0 1 0
33 04dbe32c 1 0
32 04ea3ce0 1 0
32 04d8b6c3 1 0
32 04dbe32c 1 0
32 04f700a4 1 0
31 04d8b6c3 1 0
31 04f700a4 1 0
31 04dbe32c 1 0
31 04ea3ce0 1 0
30 04dbe32c 1 0
30 04f700a4 1 0
30 04ea3ce0 1 0
30 04d8b6c3 1 0
29 04ea3ce0 1 0
29 04f700a4 1 0
29 04dbe32c 1 0
29 04d8b6c3 1 0
28 04d8b6c3 1 0
28 04ea3ce0 1 0
28 04f700a4 1 0
28 04dbe32c 1 0
27 04dbe32c 1 0
27 04f700a4 1 0
27 04d8b6c3 1 0
27 04ea3ce0 1 0
26 04d8b6c3 1 0
26 04f700a4 1 0
26 04ea3ce0 1 0
26 04dbe32c 1 0
25 04ea3ce0 1 0
25 04f700a4 1 1
25 04dbe32c 1 0
25 04d8b6c3 1 0
24 04d8b6c3 1 0
24 04ea3ce0 1 0
24 04f700a4 1 0
24 04dbe32c 1 0
23 04d8b6c3 1 0
23 04f700a4 1 0
23 04ea3ce0 1 0
23 04dbe32c 1 0
22 04d8b6c3 1 0
22 04f700a4 1 0
22 04dbe32c 1 0
22 04ea3ce0 1 0
21 04f700a4 1 0
21 04d8b6c3 1 0
21 04ea3ce0 1 0
21 04dbe32c 1 0
20 04ea3ce0 1 0
20 04dbe32c 1 0
20 04d8b6c3 1 0
20 04f700a4 1 0
19 04d8b6c3 0 0
19 04dbe32c 0 0
19 04f700a4 0 0
18 04dbe32c 0 0
18 04d8b6c3 0 0
18 04f700a4 0 0
17 04d8b6c3 0 0
17 04f700a4 0 0
17 04dbe32c 0 0
16 04f700a4 0 0
16 04d8b6c3 0 0
16 04dbe32c 0 0
15 04dbe32c 0 0
15 04f700a4 0 1
15 04d8b6c3 0 0
14 04f700a4 0 0
14 04d8b6c3 0 0
14 04dbe32c 0 0
13 04d8b6c3 0 0
13 04dbe32c 0 0
13 04f700a4 0 0
12 04f700a4 0 0
12 04d8b6c3 0 0
12 04dbe32c 0 0
11 04d8b6c3 0 0
11 04dbe32c 0 0
11 04f700a4 0 0
10 04d8b6c3 0 0
10 04f700a4 0 0
10 04dbe32c 0 0
9 04f700a4 0 0
9 04dbe32c 0 0
9 04d8b6c3 0 0
8 04f700a4 0 0
8 04d8b6c3 0 0
8 04dbe32c 0 0
7 04dbe32c 0 0
7 04f700a4 0 0
7 04d8b6c3 0 0
6 04d8b6c3 0 0
6 04f700a4 0 1
6 04dbe32c 0 0
5 04d8b6c3 0 0
5 04f700a4 0 0
5 04dbe32c 0 0
4 04d8b6c3 0 0
4 04dbe32c 0 0
4 04f700a4 0 0
3 04d8b6c3 0 0
3 04dbe32c 0 0
3 04f700a4 0 0
2 04dbe32c 0 0
2 04d8b6c3 0 0
2 04f700a4 0 0
1 04dbe32c 0 0
1 04f700a4 0 1
1 04d8b6c3 0 0
0 04f700a4 0 15
